UNITS=MM
ID=260
#
#Component attribute names
#
@0 .comp_height
@1 .comp_mount_type


# CMP 0
CMP 0 271.78 189.992 0.0 N IC17 ??? ;0=1.700000,1=1;ID=267
PRP PART_NAME 'R7FA2L1AB2DFP#HA0' 
PRP VALUE 'R7FA2L1AB2DFP#HA0' 
TOP 0 264.042 195.992 0.0 N 0 0 1
TOP 1 264.042 195.492 0.0 N 0 1 2
TOP 2 264.042 194.992 0.0 N 0 2 3
TOP 3 264.042 194.492 0.0 N 0 3 4
TOP 4 264.042 193.992 0.0 N 0 4 5
TOP 5 264.042 193.492 0.0 N 0 5 6
TOP 6 264.042 192.992 0.0 N 0 6 7
TOP 7 264.042 192.492 0.0 N 0 7 8
TOP 8 264.042 191.992 0.0 N 0 8 9
TOP 9 264.042 191.492 0.0 N 0 9 10
TOP 10 264.042 190.992 0.0 N 0 10 11
TOP 11 264.042 190.492 0.0 N 0 11 12
TOP 12 264.042 189.992 0.0 N 0 12 13
TOP 13 264.042 189.492 0.0 N 0 13 14
TOP 14 264.042 188.992 0.0 N 0 14 15
TOP 15 264.042 188.492 0.0 N 0 15 16
TOP 16 264.042 187.992 0.0 N 0 16 17
TOP 17 264.042 187.492 0.0 N 0 17 18
TOP 18 264.042 186.992 0.0 N 0 18 19
TOP 19 264.042 186.492 0.0 N 0 19 20
TOP 20 264.042 185.992 0.0 N 0 20 21
TOP 21 264.042 185.492 0.0 N 0 21 22
TOP 22 264.042 184.992 0.0 N 0 22 23
TOP 23 264.042 184.492 0.0 N 0 23 24
TOP 24 264.042 183.992 0.0 N 0 24 25
TOP 25 265.78 182.254 0.0 N 0 25 26
TOP 26 266.28 182.254 0.0 N 0 26 27
TOP 27 266.78 182.254 0.0 N 0 27 28
TOP 28 267.28 182.254 0.0 N 0 28 29
TOP 29 267.78 182.254 0.0 N 0 29 30
TOP 30 268.28 182.254 0.0 N 0 30 31
TOP 31 268.78 182.254 0.0 N 0 31 32
TOP 32 269.28 182.254 0.0 N 0 32 33
TOP 33 269.78 182.254 0.0 N 0 33 34
TOP 34 270.28 182.254 0.0 N 0 34 35
TOP 35 270.78 182.254 0.0 N 0 35 36
TOP 36 271.28 182.254 0.0 N 0 36 37
TOP 37 271.78 182.254 0.0 N 0 37 38
TOP 38 272.28 182.254 0.0 N 0 38 39
TOP 39 272.78 182.254 0.0 N 0 39 40
TOP 40 273.28 182.254 0.0 N 0 40 41
TOP 41 273.78 182.254 0.0 N 0 41 42
TOP 42 274.28 182.254 0.0 N 0 42 43
TOP 43 274.78 182.254 0.0 N 0 43 44
TOP 44 275.28 182.254 0.0 N 0 44 45
TOP 45 275.78 182.254 0.0 N 0 45 46
TOP 46 276.28 182.254 0.0 N 0 46 47
TOP 47 276.78 182.254 0.0 N 0 47 48
TOP 48 277.28 182.254 0.0 N 0 48 49
TOP 49 277.78 182.254 0.0 N 0 49 50
TOP 50 279.518 183.992 0.0 N 0 50 51
TOP 51 279.518 184.492 0.0 N 0 51 52
TOP 52 279.518 184.992 0.0 N 0 52 53
TOP 53 279.518 185.492 0.0 N 0 53 54
TOP 54 279.518 185.992 0.0 N 0 54 55
TOP 55 279.518 186.492 0.0 N 0 55 56
TOP 56 279.518 186.992 0.0 N 0 56 57
TOP 57 279.518 187.492 0.0 N 0 57 58
TOP 58 279.518 187.992 0.0 N 0 58 59
TOP 59 279.518 188.492 0.0 N 0 59 60
TOP 60 279.518 188.992 0.0 N 0 60 61
TOP 61 279.518 189.492 0.0 N 0 61 62
TOP 62 279.518 189.992 0.0 N 0 62 63
TOP 63 279.518 190.492 0.0 N 0 63 64
TOP 64 279.518 190.992 0.0 N 0 64 65
TOP 65 279.518 191.492 0.0 N 0 65 66
TOP 66 279.518 191.992 0.0 N 0 66 67
TOP 67 279.518 192.492 0.0 N 0 67 68
TOP 68 279.518 192.992 0.0 N 0 68 69
TOP 69 279.518 193.492 0.0 N 0 69 70
TOP 70 279.518 193.992 0.0 N 0 70 71
TOP 71 279.518 194.492 0.0 N 0 71 72
TOP 72 279.518 194.992 0.0 N 0 72 73
TOP 73 279.518 195.492 0.0 N 0 73 74
TOP 74 279.518 195.992 0.0 N 0 74 75
TOP 75 277.78 197.73 0.0 N 0 75 76
TOP 76 277.28 197.73 0.0 N 0 76 77
TOP 77 276.78 197.73 0.0 N 0 77 78
TOP 78 276.28 197.73 0.0 N 0 78 79
TOP 79 275.78 197.73 0.0 N 0 79 80
TOP 80 275.28 197.73 0.0 N 0 80 81
TOP 81 274.78 197.73 0.0 N 0 81 82
TOP 82 274.28 197.73 0.0 N 0 82 83
TOP 83 273.78 197.73 0.0 N 0 83 84
TOP 84 273.28 197.73 0.0 N 0 84 85
TOP 85 272.78 197.73 0.0 N 0 85 86
TOP 86 272.28 197.73 0.0 N 0 86 87
TOP 87 271.78 197.73 0.0 N 0 87 88
TOP 88 271.28 197.73 0.0 N 0 88 89
TOP 89 270.78 197.73 0.0 N 0 89 90
TOP 90 270.28 197.73 0.0 N 0 90 91
TOP 91 269.78 197.73 0.0 N 0 91 92
TOP 92 269.28 197.73 0.0 N 0 92 93
TOP 93 268.78 197.73 0.0 N 0 93 94
TOP 94 268.28 197.73 0.0 N 0 94 95
TOP 95 267.78 197.73 0.0 N 0 95 96
TOP 96 267.28 197.73 0.0 N 0 96 97
TOP 97 266.78 197.73 0.0 N 0 97 98
TOP 98 266.28 197.73 0.0 N 0 98 99
TOP 99 265.78 197.73 0.0 N 0 99 100
#
# CMP 1
CMP 1 306.324 172.72 0.0 N IC16 ??? ;1=1;ID=270
PRP PART_NAME 'EFM32G232F128G-E-QFP64R' 
PRP VALUE 'EFM32G232F128G-E-QFP64R' 
TOP 0 300.586 176.47 0.0 N 0 100 1
TOP 1 300.586 175.97 0.0 N 0 101 2
TOP 2 300.586 175.47 0.0 N 0 102 3
TOP 3 300.586 174.97 0.0 N 0 103 4
TOP 4 300.586 174.47 0.0 N 0 104 5
TOP 5 300.586 173.97 0.0 N 0 105 6
TOP 6 300.586 173.47 0.0 N 0 106 7
TOP 7 300.586 172.97 0.0 N 0 107 8
TOP 8 300.586 172.47 0.0 N 0 108 9
TOP 9 300.586 171.97 0.0 N 0 109 10
TOP 10 300.586 171.47 0.0 N 0 110 11
TOP 11 300.586 170.97 0.0 N 0 111 12
TOP 12 300.586 170.47 0.0 N 0 112 13
TOP 13 300.586 169.97 0.0 N 0 113 14
TOP 14 300.586 169.47 0.0 N 0 114 15
TOP 15 300.586 168.97 0.0 N 0 115 16
TOP 16 302.574 166.982 0.0 N 0 116 17
TOP 17 303.074 166.982 0.0 N 0 117 18
TOP 18 303.574 166.982 0.0 N 0 118 19
TOP 19 304.074 166.982 0.0 N 0 119 20
TOP 20 304.574 166.982 0.0 N 0 120 21
TOP 21 305.074 166.982 0.0 N 0 121 22
TOP 22 305.574 166.982 0.0 N 0 122 23
TOP 23 306.074 166.982 0.0 N 0 123 24
TOP 24 306.574 166.982 0.0 N 0 124 25
TOP 25 307.074 166.982 0.0 N 0 125 26
TOP 26 307.574 166.982 0.0 N 0 126 27
TOP 27 308.074 166.982 0.0 N 0 127 28
TOP 28 308.574 166.982 0.0 N 0 128 29
TOP 29 309.074 166.982 0.0 N 0 129 30
TOP 30 309.574 166.982 0.0 N 0 130 31
TOP 31 310.074 166.982 0.0 N 0 131 32
TOP 32 312.062 168.97 0.0 N 0 132 33
TOP 33 312.062 169.47 0.0 N 0 133 34
TOP 34 312.062 169.97 0.0 N 0 134 35
TOP 35 312.062 170.47 0.0 N 0 135 36
TOP 36 312.062 170.97 0.0 N 0 136 37
TOP 37 312.062 171.47 0.0 N 0 137 38
TOP 38 312.062 171.97 0.0 N 0 138 39
TOP 39 312.062 172.47 0.0 N 0 139 40
TOP 40 312.062 172.97 0.0 N 0 140 41
TOP 41 312.062 173.47 0.0 N 0 141 42
TOP 42 312.062 173.97 0.0 N 0 142 43
TOP 43 312.062 174.47 0.0 N 0 143 44
TOP 44 312.062 174.97 0.0 N 0 144 45
TOP 45 312.062 175.47 0.0 N 0 145 46
TOP 46 312.062 175.97 0.0 N 0 146 47
TOP 47 312.062 176.47 0.0 N 0 147 48
TOP 48 310.074 178.458 0.0 N 0 148 49
TOP 49 309.574 178.458 0.0 N 0 149 50
TOP 50 309.074 178.458 0.0 N 0 150 51
TOP 51 308.574 178.458 0.0 N 0 151 52
TOP 52 308.074 178.458 0.0 N 0 152 53
TOP 53 307.574 178.458 0.0 N 0 153 54
TOP 54 307.074 178.458 0.0 N 0 154 55
TOP 55 306.574 178.458 0.0 N 0 155 56
TOP 56 306.074 178.458 0.0 N 0 156 57
TOP 57 305.574 178.458 0.0 N 0 157 58
TOP 58 305.074 178.458 0.0 N 0 158 59
TOP 59 304.574 178.458 0.0 N 0 159 60
TOP 60 304.074 178.458 0.0 N 0 160 61
TOP 61 303.574 178.458 0.0 N 0 161 62
TOP 62 303.074 178.458 0.0 N 0 162 63
TOP 63 302.574 178.458 0.0 N 0 163 64
#
# CMP 2
CMP 2 244.348 171.196 0.0 N IC14 ??? ;1=1;ID=273
PRP PART_NAME 'TLP293-4_V4GBTPE' 
PRP VALUE 'TLP293-4_V4GBTPE' 
TOP 0 241.098 175.641 0.0 N 0 164 1
TOP 1 241.098 174.371 0.0 N 0 165 2
TOP 2 241.098 173.101 0.0 N 0 166 3
TOP 3 241.098 171.831 0.0 N 0 167 4
TOP 4 241.098 170.561 0.0 N 0 168 5
TOP 5 241.098 169.291 0.0 N 0 169 6
TOP 6 241.098 168.021 0.0 N 0 170 7
TOP 7 241.098 166.751 0.0 N 0 171 8
TOP 8 247.598 166.751 0.0 N 0 172 9
TOP 9 247.598 168.021 0.0 N 0 173 10
TOP 10 247.598 169.291 0.0 N 0 174 11
TOP 11 247.598 170.561 0.0 N 0 175 12
TOP 12 247.598 171.831 0.0 N 0 176 13
TOP 13 247.598 173.101 0.0 N 0 177 14
TOP 14 247.598 174.371 0.0 N 0 178 15
TOP 15 247.598 175.641 0.0 N 0 179 16
#
# CMP 3
CMP 3 244.348 185.42 0.0 N IC13 ??? ;0=1.200000,1=1;ID=276
PRP PART_NAME '5M240ZM100C5N' 
PRP VALUE '5M240ZM100C5N' 
TOP 0 241.848 187.92 0.0 N 0 180 A1
TOP 1 242.348 187.92 0.0 N 0 181 A2
TOP 2 242.848 187.92 0.0 N 0 182 A3
TOP 3 243.348 187.92 0.0 N 0 183 A4
TOP 4 243.848 187.92 0.0 N 0 184 A5
TOP 5 244.348 187.92 0.0 N 0 185 A6
TOP 6 244.848 187.92 0.0 N 0 186 A7
TOP 7 245.348 187.92 0.0 N 0 187 A8
TOP 8 245.848 187.92 0.0 N 0 188 A9
TOP 9 246.348 187.92 0.0 N 0 189 A10
TOP 10 246.848 187.92 0.0 N 0 190 A11
TOP 11 241.848 187.42 0.0 N 0 191 B1
TOP 12 242.348 187.42 0.0 N 0 192 B2
TOP 13 242.848 187.42 0.0 N 0 193 B3
TOP 14 243.348 187.42 0.0 N 0 194 B4
TOP 15 243.848 187.42 0.0 N 0 195 B5
TOP 16 244.348 187.42 0.0 N 0 196 B6
TOP 17 244.848 187.42 0.0 N 0 197 B7
TOP 18 245.348 187.42 0.0 N 0 198 B8
TOP 19 245.848 187.42 0.0 N 0 199 B9
TOP 20 246.348 187.42 0.0 N 0 200 B10
TOP 21 246.848 187.42 0.0 N 0 201 B11
TOP 22 241.848 186.92 0.0 N 0 202 C1
TOP 23 242.348 186.92 0.0 N 0 203 C2
TOP 24 243.348 186.92 0.0 N 0 204 C4
TOP 25 243.848 186.92 0.0 N 0 205 C5
TOP 26 244.348 186.92 0.0 N 0 206 C6
TOP 27 244.848 186.92 0.0 N 0 207 C7
TOP 28 245.348 186.92 0.0 N 0 208 C8
TOP 29 246.348 186.92 0.0 N 0 209 C10
TOP 30 246.848 186.92 0.0 N 0 210 C11
TOP 31 241.848 186.42 0.0 N 0 211 D1
TOP 32 242.348 186.42 0.0 N 0 212 D2
TOP 33 242.848 186.42 0.0 N 0 213 D3
TOP 34 243.848 186.42 0.0 N 0 214 D5
TOP 35 244.848 186.42 0.0 N 0 215 D7
TOP 36 245.848 186.42 0.0 N 0 216 D9
TOP 37 246.348 186.42 0.0 N 0 217 D10
TOP 38 246.848 186.42 0.0 N 0 218 D11
TOP 39 241.848 185.92 0.0 N 0 219 E1
TOP 40 242.348 185.92 0.0 N 0 220 E2
TOP 41 242.848 185.92 0.0 N 0 221 E3
TOP 42 243.348 185.92 0.0 N 0 222 E4
TOP 43 245.348 185.92 0.0 N 0 223 E8
TOP 44 245.848 185.92 0.0 N 0 224 E9
TOP 45 246.348 185.92 0.0 N 0 225 E10
TOP 46 246.848 185.92 0.0 N 0 226 E11
TOP 47 241.848 185.42 0.0 N 0 227 F1
TOP 48 242.348 185.42 0.0 N 0 228 F2
TOP 49 242.848 185.42 0.0 N 0 229 F3
TOP 50 245.848 185.42 0.0 N 0 230 F9
TOP 51 246.348 185.42 0.0 N 0 231 F10
TOP 52 246.848 185.42 0.0 N 0 232 F11
TOP 53 241.848 184.92 0.0 N 0 233 G1
TOP 54 242.348 184.92 0.0 N 0 234 G2
TOP 55 242.848 184.92 0.0 N 0 235 G3
TOP 56 243.348 184.92 0.0 N 0 236 G4
TOP 57 245.348 184.92 0.0 N 0 237 G8
TOP 58 245.848 184.92 0.0 N 0 238 G9
TOP 59 246.348 184.92 0.0 N 0 239 G10
TOP 60 246.848 184.92 0.0 N 0 240 G11
TOP 61 241.848 184.42 0.0 N 0 241 H1
TOP 62 242.348 184.42 0.0 N 0 242 H2
TOP 63 242.848 184.42 0.0 N 0 243 H3
TOP 64 243.848 184.42 0.0 N 0 244 H5
TOP 65 244.848 184.42 0.0 N 0 245 H7
TOP 66 245.848 184.42 0.0 N 0 246 H9
TOP 67 246.348 184.42 0.0 N 0 247 H10
TOP 68 246.848 184.42 0.0 N 0 248 H11
TOP 69 241.848 183.92 0.0 N 0 249 J1
TOP 70 242.348 183.92 0.0 N 0 250 J2
TOP 71 243.348 183.92 0.0 N 0 251 J4
TOP 72 243.848 183.92 0.0 N 0 252 J5
TOP 73 244.348 183.92 0.0 N 0 253 J6
TOP 74 244.848 183.92 0.0 N 0 254 J7
TOP 75 245.348 183.92 0.0 N 0 255 J8
TOP 76 246.348 183.92 0.0 N 0 256 J10
TOP 77 246.848 183.92 0.0 N 0 257 J11
TOP 78 241.848 183.42 0.0 N 0 258 K1
TOP 79 242.348 183.42 0.0 N 0 259 K2
TOP 80 242.848 183.42 0.0 N 0 260 K3
TOP 81 243.348 183.42 0.0 N 0 261 K4
TOP 82 243.848 183.42 0.0 N 0 262 K5
TOP 83 244.348 183.42 0.0 N 0 263 K6
TOP 84 244.848 183.42 0.0 N 0 264 K7
TOP 85 245.348 183.42 0.0 N 0 265 K8
TOP 86 245.848 183.42 0.0 N 0 266 K9
TOP 87 246.348 183.42 0.0 N 0 267 K10
TOP 88 246.848 183.42 0.0 N 0 268 K11
TOP 89 241.848 182.92 0.0 N 0 269 L1
TOP 90 242.348 182.92 0.0 N 0 270 L2
TOP 91 242.848 182.92 0.0 N 0 271 L3
TOP 92 243.348 182.92 0.0 N 0 272 L4
TOP 93 243.848 182.92 0.0 N 0 273 L5
TOP 94 244.348 182.92 0.0 N 0 274 L6
TOP 95 244.848 182.92 0.0 N 0 275 L7
TOP 96 245.348 182.92 0.0 N 0 276 L8
TOP 97 245.848 182.92 0.0 N 0 277 L9
TOP 98 246.348 182.92 0.0 N 0 278 L10
TOP 99 246.848 182.92 0.0 N 0 279 L11
#
# CMP 4
CMP 4 278.384 171.196 0.0 N IC15 ??? ;1=1;ID=279
PRP PART_NAME 'EFM8LB12F64E-C-QFP32' 
PRP VALUE 'EFM8LB12F64E-C-QFP32' 
TOP 0 274.159 173.996 0.0 N 0 280 1
TOP 1 274.159 173.196 0.0 N 0 281 2
TOP 2 274.159 172.396 0.0 N 0 282 3
TOP 3 274.159 171.596 0.0 N 0 283 4
TOP 4 274.159 170.796 0.0 N 0 284 5
TOP 5 274.159 169.996 0.0 N 0 285 6
TOP 6 274.159 169.196 0.0 N 0 286 7
TOP 7 274.159 168.396 0.0 N 0 287 8
TOP 8 275.584 166.971 0.0 N 0 288 9
TOP 9 276.384 166.971 0.0 N 0 289 10
TOP 10 277.184 166.971 0.0 N 0 290 11
TOP 11 277.984 166.971 0.0 N 0 291 12
TOP 12 278.784 166.971 0.0 N 0 292 13
TOP 13 279.584 166.971 0.0 N 0 293 14
TOP 14 280.384 166.971 0.0 N 0 294 15
TOP 15 281.184 166.971 0.0 N 0 295 16
TOP 16 282.609 168.396 0.0 N 0 296 17
TOP 17 282.609 169.196 0.0 N 0 297 18
TOP 18 282.609 169.996 0.0 N 0 298 19
TOP 19 282.609 170.796 0.0 N 0 299 20
TOP 20 282.609 171.596 0.0 N 0 300 21
TOP 21 282.609 172.396 0.0 N 0 301 22
TOP 22 282.609 173.196 0.0 N 0 302 23
TOP 23 282.609 173.996 0.0 N 0 303 24
TOP 24 281.184 175.421 0.0 N 0 304 25
TOP 25 280.384 175.421 0.0 N 0 305 26
TOP 26 279.584 175.421 0.0 N 0 306 27
TOP 27 278.784 175.421 0.0 N 0 307 28
TOP 28 277.984 175.421 0.0 N 0 308 29
TOP 29 277.184 175.421 0.0 N 0 309 30
TOP 30 276.384 175.421 0.0 N 0 310 31
TOP 31 275.584 175.421 0.0 N 0 311 32
#
# CMP 5
CMP 4 266.7 171.196 0.0 N IC12 ??? ;1=1;ID=280
PRP PART_NAME 'AVR64DU32-I_PT' 
PRP VALUE 'AVR64DU32-I_PT' 
TOP 0 262.475 173.996 0.0 N 0 312 1
TOP 1 262.475 173.196 0.0 N 0 313 2
TOP 2 262.475 172.396 0.0 N 0 314 3
TOP 3 262.475 171.596 0.0 N 0 315 4
TOP 4 262.475 170.796 0.0 N 0 316 5
TOP 5 262.475 169.996 0.0 N 0 317 6
TOP 6 262.475 169.196 0.0 N 0 318 7
TOP 7 262.475 168.396 0.0 N 0 319 8
TOP 8 263.9 166.971 0.0 N 0 320 9
TOP 9 264.7 166.971 0.0 N 0 321 10
TOP 10 265.5 166.971 0.0 N 0 322 11
TOP 11 266.3 166.971 0.0 N 0 323 12
TOP 12 267.1 166.971 0.0 N 0 324 13
TOP 13 267.9 166.971 0.0 N 0 325 14
TOP 14 268.7 166.971 0.0 N 0 326 15
TOP 15 269.5 166.971 0.0 N 0 327 16
TOP 16 270.925 168.396 0.0 N 0 328 17
TOP 17 270.925 169.196 0.0 N 0 329 18
TOP 18 270.925 169.996 0.0 N 0 330 19
TOP 19 270.925 170.796 0.0 N 0 331 20
TOP 20 270.925 171.596 0.0 N 0 332 21
TOP 21 270.925 172.396 0.0 N 0 333 22
TOP 22 270.925 173.196 0.0 N 0 334 23
TOP 23 270.925 173.996 0.0 N 0 335 24
TOP 24 269.5 175.421 0.0 N 0 336 25
TOP 25 268.7 175.421 0.0 N 0 337 26
TOP 26 267.9 175.421 0.0 N 0 338 27
TOP 27 267.1 175.421 0.0 N 0 339 28
TOP 28 266.3 175.421 0.0 N 0 340 29
TOP 29 265.5 175.421 0.0 N 0 341 30
TOP 30 264.7 175.421 0.0 N 0 342 31
TOP 31 263.9 175.421 0.0 N 0 343 32
#
# CMP 6
CMP 5 291.592 172.72 0.0 N IC11 ??? ;0=1.200000,1=1;ID=283
PRP PART_NAME 'PIC16F15276-I_PT' 
PRP VALUE 'PIC16F15276-I_PT' 
TOP 0 285.854 176.72 0.0 N 0 344 1
TOP 1 285.854 175.92 0.0 N 0 345 2
TOP 2 285.854 175.12 0.0 N 0 346 3
TOP 3 285.854 174.32 0.0 N 0 347 4
TOP 4 285.854 173.52 0.0 N 0 348 5
TOP 5 285.854 172.72 0.0 N 0 349 6
TOP 6 285.854 171.92 0.0 N 0 350 7
TOP 7 285.854 171.12 0.0 N 0 351 8
TOP 8 285.854 170.32 0.0 N 0 352 9
TOP 9 285.854 169.52 0.0 N 0 353 10
TOP 10 285.854 168.72 0.0 N 0 354 11
TOP 11 287.592 166.982 0.0 N 0 355 12
TOP 12 288.392 166.982 0.0 N 0 356 13
TOP 13 289.192 166.982 0.0 N 0 357 14
TOP 14 289.992 166.982 0.0 N 0 358 15
TOP 15 290.792 166.982 0.0 N 0 359 16
TOP 16 291.592 166.982 0.0 N 0 360 17
TOP 17 292.392 166.982 0.0 N 0 361 18
TOP 18 293.192 166.982 0.0 N 0 362 19
TOP 19 293.992 166.982 0.0 N 0 363 20
TOP 20 294.792 166.982 0.0 N 0 364 21
TOP 21 295.592 166.982 0.0 N 0 365 22
TOP 22 297.33 168.72 0.0 N 0 366 23
TOP 23 297.33 169.52 0.0 N 0 367 24
TOP 24 297.33 170.32 0.0 N 0 368 25
TOP 25 297.33 171.12 0.0 N 0 369 26
TOP 26 297.33 171.92 0.0 N 0 370 27
TOP 27 297.33 172.72 0.0 N 0 371 28
TOP 28 297.33 173.52 0.0 N 0 372 29
TOP 29 297.33 174.32 0.0 N 0 373 30
TOP 30 297.33 175.12 0.0 N 0 374 31
TOP 31 297.33 175.92 0.0 N 0 375 32
TOP 32 297.33 176.72 0.0 N 0 376 33
TOP 33 295.592 178.458 0.0 N 0 377 34
TOP 34 294.792 178.458 0.0 N 0 378 35
TOP 35 293.992 178.458 0.0 N 0 379 36
TOP 36 293.192 178.458 0.0 N 0 380 37
TOP 37 292.392 178.458 0.0 N 0 381 38
TOP 38 291.592 178.458 0.0 N 0 382 39
TOP 39 290.792 178.458 0.0 N 0 383 40
TOP 40 289.992 178.458 0.0 N 0 384 41
TOP 41 289.192 178.458 0.0 N 0 385 42
TOP 42 288.392 178.458 0.0 N 0 386 43
TOP 43 287.592 178.458 0.0 N 0 387 44
#
# CMP 7
CMP 6 255.016 171.196 0.0 N IC10 ??? ;1=1;ID=286
PRP PART_NAME 'STM32L072CZT6TR' 
PRP VALUE 'STM32L072CZT6TR' 
TOP 0 250.778 173.946 0.0 N 0 388 1
TOP 1 250.778 173.446 0.0 N 0 389 2
TOP 2 250.778 172.946 0.0 N 0 390 3
TOP 3 250.778 172.446 0.0 N 0 391 4
TOP 4 250.778 171.946 0.0 N 0 392 5
TOP 5 250.778 171.446 0.0 N 0 393 6
TOP 6 250.778 170.946 0.0 N 0 394 7
TOP 7 250.778 170.446 0.0 N 0 395 8
TOP 8 250.778 169.946 0.0 N 0 396 9
TOP 9 250.778 169.446 0.0 N 0 397 10
TOP 10 250.778 168.946 0.0 N 0 398 11
TOP 11 250.778 168.446 0.0 N 0 399 12
TOP 12 252.266 166.958 0.0 N 0 400 13
TOP 13 252.766 166.958 0.0 N 0 401 14
TOP 14 253.266 166.958 0.0 N 0 402 15
TOP 15 253.766 166.958 0.0 N 0 403 16
TOP 16 254.266 166.958 0.0 N 0 404 17
TOP 17 254.766 166.958 0.0 N 0 405 18
TOP 18 255.266 166.958 0.0 N 0 406 19
TOP 19 255.766 166.958 0.0 N 0 407 20
TOP 20 256.266 166.958 0.0 N 0 408 21
TOP 21 256.766 166.958 0.0 N 0 409 22
TOP 22 257.266 166.958 0.0 N 0 410 23
TOP 23 257.766 166.958 0.0 N 0 411 24
TOP 24 259.254 168.446 0.0 N 0 412 25
TOP 25 259.254 168.946 0.0 N 0 413 26
TOP 26 259.254 169.446 0.0 N 0 414 27
TOP 27 259.254 169.946 0.0 N 0 415 28
TOP 28 259.254 170.446 0.0 N 0 416 29
TOP 29 259.254 170.946 0.0 N 0 417 30
TOP 30 259.254 171.446 0.0 N 0 418 31
TOP 31 259.254 171.946 0.0 N 0 419 32
TOP 32 259.254 172.446 0.0 N 0 420 33
TOP 33 259.254 172.946 0.0 N 0 421 34
TOP 34 259.254 173.446 0.0 N 0 422 35
TOP 35 259.254 173.946 0.0 N 0 423 36
TOP 36 257.766 175.434 0.0 N 0 424 37
TOP 37 257.266 175.434 0.0 N 0 425 38
TOP 38 256.766 175.434 0.0 N 0 426 39
TOP 39 256.266 175.434 0.0 N 0 427 40
TOP 40 255.766 175.434 0.0 N 0 428 41
TOP 41 255.266 175.434 0.0 N 0 429 42
TOP 42 254.766 175.434 0.0 N 0 430 43
TOP 43 254.266 175.434 0.0 N 0 431 44
TOP 44 253.766 175.434 0.0 N 0 432 45
TOP 45 253.266 175.434 0.0 N 0 433 46
TOP 46 252.766 175.434 0.0 N 0 434 47
TOP 47 252.266 175.434 0.0 N 0 435 48
#
# CMP 8
CMP 7 255.524 187.96 0.0 N IC8 ??? ;0=1.600000,1=1;ID=289
PRP PART_NAME 'STM32H562RGT6' 
PRP VALUE 'STM32H562RGT6' 
TOP 0 249.774 191.71 0.0 N 0 436 1
TOP 1 249.774 191.21 0.0 N 0 437 2
TOP 2 249.774 190.71 0.0 N 0 438 3
TOP 3 249.774 190.21 0.0 N 0 439 4
TOP 4 249.774 189.71 0.0 N 0 440 5
TOP 5 249.774 189.21 0.0 N 0 441 6
TOP 6 249.774 188.71 0.0 N 0 442 7
TOP 7 249.774 188.21 0.0 N 0 443 8
TOP 8 249.774 187.71 0.0 N 0 444 9
TOP 9 249.774 187.21 0.0 N 0 445 10
TOP 10 249.774 186.71 0.0 N 0 446 11
TOP 11 249.774 186.21 0.0 N 0 447 12
TOP 12 249.774 185.71 0.0 N 0 448 13
TOP 13 249.774 185.21 0.0 N 0 449 14
TOP 14 249.774 184.71 0.0 N 0 450 15
TOP 15 249.774 184.21 0.0 N 0 451 16
TOP 16 251.774 182.21 0.0 N 0 452 17
TOP 17 252.274 182.21 0.0 N 0 453 18
TOP 18 252.774 182.21 0.0 N 0 454 19
TOP 19 253.274 182.21 0.0 N 0 455 20
TOP 20 253.774 182.21 0.0 N 0 456 21
TOP 21 254.274 182.21 0.0 N 0 457 22
TOP 22 254.774 182.21 0.0 N 0 458 23
TOP 23 255.274 182.21 0.0 N 0 459 24
TOP 24 255.774 182.21 0.0 N 0 460 25
TOP 25 256.274 182.21 0.0 N 0 461 26
TOP 26 256.774 182.21 0.0 N 0 462 27
TOP 27 257.274 182.21 0.0 N 0 463 28
TOP 28 257.774 182.21 0.0 N 0 464 29
TOP 29 258.274 182.21 0.0 N 0 465 30
TOP 30 258.774 182.21 0.0 N 0 466 31
TOP 31 259.274 182.21 0.0 N 0 467 32
TOP 32 261.274 184.21 0.0 N 0 468 33
TOP 33 261.274 184.71 0.0 N 0 469 34
TOP 34 261.274 185.21 0.0 N 0 470 35
TOP 35 261.274 185.71 0.0 N 0 471 36
TOP 36 261.274 186.21 0.0 N 0 472 37
TOP 37 261.274 186.71 0.0 N 0 473 38
TOP 38 261.274 187.21 0.0 N 0 474 39
TOP 39 261.274 187.71 0.0 N 0 475 40
TOP 40 261.274 188.21 0.0 N 0 476 41
TOP 41 261.274 188.71 0.0 N 0 477 42
TOP 42 261.274 189.21 0.0 N 0 478 43
TOP 43 261.274 189.71 0.0 N 0 479 44
TOP 44 261.274 190.21 0.0 N 0 480 45
TOP 45 261.274 190.71 0.0 N 0 481 46
TOP 46 261.274 191.21 0.0 N 0 482 47
TOP 47 261.274 191.71 0.0 N 0 483 48
TOP 48 259.274 193.71 0.0 N 0 484 49
TOP 49 258.774 193.71 0.0 N 0 485 50
TOP 50 258.274 193.71 0.0 N 0 486 51
TOP 51 257.774 193.71 0.0 N 0 487 52
TOP 52 257.274 193.71 0.0 N 0 488 53
TOP 53 256.774 193.71 0.0 N 0 489 54
TOP 54 256.274 193.71 0.0 N 0 490 55
TOP 55 255.774 193.71 0.0 N 0 491 56
TOP 56 255.274 193.71 0.0 N 0 492 57
TOP 57 254.774 193.71 0.0 N 0 493 58
TOP 58 254.274 193.71 0.0 N 0 494 59
TOP 59 253.774 193.71 0.0 N 0 495 60
TOP 60 253.274 193.71 0.0 N 0 496 61
TOP 61 252.774 193.71 0.0 N 0 497 62
TOP 62 252.274 193.71 0.0 N 0 498 63
TOP 63 251.774 193.71 0.0 N 0 499 64
#
# CMP 9
CMP 8 104.394 179.197 180.0 N J3 ??? ;0=10.000000,1=1;ID=292
PRP PART_NAME '95278-401A10LF' 
PRP VALUE '95278-401A10LF' 
TOP 0 109.474 181.927 180.0 N 9 0 1
TOP 1 109.474 176.467 180.0 N 10 0 2
TOP 2 106.934 181.927 180.0 N 7 0 3
TOP 3 106.934 176.467 180.0 N 8 0 4
TOP 4 104.394 181.927 180.0 N 5 0 5
TOP 5 104.394 176.467 180.0 N 6 0 6
TOP 6 101.854 181.927 180.0 N 3 0 7
TOP 7 101.854 176.467 180.0 N 4 0 8
TOP 8 99.314 181.927 180.0 N 1 0 9
TOP 9 99.314 176.467 180.0 N 2 0 10
#
# CMP 10
CMP 8 119.38 179.324 180.0 N J2 ??? ;0=10.000000,1=1;ID=293
PRP PART_NAME '95278-401A10LF' 
PRP VALUE '95278-401A10LF' 
TOP 0 124.46 182.054 180.0 N 1 1 1
TOP 1 124.46 176.594 180.0 N 2 1 2
TOP 2 121.92 182.054 180.0 N 3 1 3
TOP 3 121.92 176.594 180.0 N 4 1 4
TOP 4 119.38 182.054 180.0 N 5 1 5
TOP 5 119.38 176.594 180.0 N 6 1 6
TOP 6 116.84 182.054 180.0 N 7 1 7
TOP 7 116.84 176.594 180.0 N 8 1 8
TOP 8 114.3 182.054 180.0 N 9 1 9
TOP 9 114.3 176.594 180.0 N 10 1 10
#
# CMP 11
CMP 9 132 188 0.0 N R1 ??? ;1=1;ID=296
PRP PART_NAME 'MMA02040E1001BB300' 
PRP VALUE 'MMA02040E1001BB300' 
TOP 0 130.55 188 0.0 N 0 500 1
TOP 1 133.45 188 0.0 N 0 501 2
#
# CMP 12
CMP 10 209.804 175.26 0.0 N Q4 ??? ;0=5.084000,1=1;ID=299
PRP PART_NAME 'IRFS7530TRL7PP' 
PRP VALUE 'IRFS7530TRL7PP' 
TOP 0 205.994 169.175 0.0 N 0 502 1
TOP 1 207.264 169.175 0.0 N 0 503 2
TOP 2 208.534 169.175 0.0 N 0 504 3
TOP 3 209.804 178.325 0.0 N 0 505 4
TOP 4 211.074 169.175 0.0 N 0 506 5
TOP 5 212.344 169.175 0.0 N 0 507 6
TOP 6 213.614 169.175 0.0 N 0 508 7
#
# CMP 13
CMP 11 138.684 188.976 0.0 N LED1 ??? ;0=2.390000,1=1;ID=302
PRP PART_NAME 'XPGDWT-Q1-0000-00XPP' 
PRP VALUE 'XPGDWT-Q1-0000-00XPP' 
TOP 0 137.284 188.976 0.0 N 0 509 1
TOP 1 140.084 188.976 0.0 N 0 510 2
TOP 2 138.684 188.976 0.0 N 0 511 3
#
# CMP 14
CMP 12 235.204 171.196 0.0 N IC7 ??? ;1=1;ID=305
PRP PART_NAME 'LTC2439-1IGN#PBF' 
PRP VALUE 'LTC2439-1IGN#PBF' 
TOP 0 232.492 175.324 0.0 N 0 512 1
TOP 1 232.492 174.688 0.0 N 0 513 2
TOP 2 232.492 174.054 0.0 N 0 514 3
TOP 3 232.492 173.418 0.0 N 0 515 4
TOP 4 232.492 172.784 0.0 N 0 516 5
TOP 5 232.492 172.148 0.0 N 0 517 6
TOP 6 232.492 171.514 0.0 N 0 518 7
TOP 7 232.492 170.878 0.0 N 0 519 8
TOP 8 232.492 170.244 0.0 N 0 520 9
TOP 9 232.492 169.608 0.0 N 0 521 10
TOP 10 232.492 168.974 0.0 N 0 522 11
TOP 11 232.492 168.338 0.0 N 0 523 12
TOP 12 232.492 167.704 0.0 N 0 524 13
TOP 13 232.492 167.068 0.0 N 0 525 14
TOP 14 237.916 167.068 0.0 N 0 526 15
TOP 15 237.916 167.704 0.0 N 0 527 16
TOP 16 237.916 168.338 0.0 N 0 528 17
TOP 17 237.916 168.974 0.0 N 0 529 18
TOP 18 237.916 169.608 0.0 N 0 530 19
TOP 19 237.916 170.244 0.0 N 0 531 20
TOP 20 237.916 170.878 0.0 N 0 532 21
TOP 21 237.916 171.514 0.0 N 0 533 22
TOP 22 237.916 172.148 0.0 N 0 534 23
TOP 23 237.916 172.784 0.0 N 0 535 24
TOP 24 237.916 173.418 0.0 N 0 536 25
TOP 25 237.916 174.054 0.0 N 0 537 26
TOP 26 237.916 174.688 0.0 N 0 538 27
TOP 27 237.916 175.324 0.0 N 0 539 28
#
# CMP 15
CMP 13 224.028 181.864 90.0 N IC6 ??? ;1=1;ID=308
PRP PART_NAME 'NCV5662DSADJR4G' 
PRP VALUE 'NCV5662DSADJR4G' 
TOP 0 220.624 169.164 90.0 N 0 540 1
TOP 1 222.326 169.164 90.0 N 0 541 2
TOP 2 224.028 169.164 90.0 N 0 542 3
TOP 3 225.73 169.164 90.0 N 0 543 4
TOP 4 227.432 169.164 90.0 N 0 544 5
TOP 5 224.028 179.469 90.0 N 0 545 6
#
# CMP 16
CMP 14 179.324 187.96 0.0 N IC5 ??? ;1=1;ID=311
PRP PART_NAME 'AP7381-50Y-13' 
PRP VALUE 'AP7381-50Y-13' 
TOP 0 177.824 187.566 0.0 N 0 546 1
TOP 1 179.324 187.654 0.0 N 0 547 2
TOP 2 180.824 187.566 0.0 N 0 548 3
TOP 3 179.324 189.954 0.0 N 0 549 4
#
# CMP 17
CMP 15 237.744 182.88 0.0 N IC4 ??? ;0=1.000000,1=1;ID=314
PRP PART_NAME '74LVC1G123DC,125' 
PRP VALUE '74LVC1G123DC_125' 
TOP 0 236.169 183.63 0.0 N 0 550 1
TOP 1 236.169 183.13 0.0 N 0 551 2
TOP 2 236.169 182.63 0.0 N 0 552 3
TOP 3 236.169 182.13 0.0 N 0 553 4
TOP 4 239.319 182.13 0.0 N 0 554 5
TOP 5 239.319 182.63 0.0 N 0 555 6
TOP 6 239.319 183.13 0.0 N 0 556 7
TOP 7 239.319 183.63 0.0 N 0 557 8
#
# CMP 18
CMP 16 156.972 189.484 0.0 N D2 ??? ;1=1;ID=317
PRP PART_NAME 'SMCJ100A-Q' 
PRP VALUE 'SMCJ100A-Q' 
TOP 0 153.472 189.484 0.0 N 0 558 1
TOP 1 160.472 189.484 0.0 N 0 559 2
#
# CMP 19
CMP 17 146.812 188.468 0.0 N D1 ??? ;1=1;ID=320
PRP PART_NAME 'ZM4748A_L0' 
PRP VALUE 'ZM4748A_L0' 
TOP 0 149.212 188.468 0.0 N 0 560 1
TOP 1 144.412 188.468 0.0 N 0 561 2
#
# CMP 20
CMP 18 173.736 187.452 270.0 N Q3 ??? ;0=0.899900,1=1;ID=323
PRP PART_NAME 'MMBT3904T-7-F' 
PRP VALUE 'MMBT3904T-7-F' 
TOP 0 173.2359 186.6519 270.0 N 0 562 1
TOP 1 174.2361 186.6519 270.0 N 0 563 2
TOP 2 173.736 188.2521 270.0 N 0 564 3
#
# CMP 21
CMP 19 195.58 190.5 90.0 N Q2 ??? ;1=1;ID=326
PRP PART_NAME 'IRFR010PBF-BE3' 
PRP VALUE 'IRFR010PBF-BE3' 
TOP 0 196.723 192.087 90.0 N 0 565 1
TOP 1 203.1581 190.5 90.0 N 0 566 2
TOP 2 196.723 188.913 90.0 N 0 567 3
#
# CMP 22
CMP 20 169.672 188.468 90.0 N Q1 ??? ;0=1.100100,1=1;ID=329
PRP PART_NAME 'BC817-25W' 
PRP VALUE 'BC817-25W' 
TOP 0 169.022 187.5429 90.0 N 0 568 1
TOP 1 170.322 187.5429 90.0 N 0 569 2
TOP 2 169.672 189.3931 90.0 N 0 570 3
#
# CMP 23
CMP 21 233.172 182.88 0.0 N IC3 ??? ;1=1;ID=332
PRP PART_NAME 'TPS76901SDBVTEP' 
PRP VALUE 'TPS76901SDBVTEP' 
TOP 0 231.8766 183.8198 0.0 N 0 571 1
TOP 1 231.8766 182.88 0.0 N 0 572 2
TOP 2 231.8766 181.9402 0.0 N 0 573 3
TOP 3 234.4674 181.9402 0.0 N 0 574 4
TOP 4 234.4674 183.8198 0.0 N 0 575 5
#
# CMP 24
CMP 22 187.96 189.484 180.0 N IC2 ??? ;0=1.800100,1=1;ID=335
PRP PART_NAME 'MCP1799T-5002H_DB' 
PRP VALUE 'MCP1799T-5002H_DB' 
TOP 0 191.1101 187.184 180.0 N 0 576 1
TOP 1 191.1101 189.484 180.0 N 0 577 2
TOP 2 191.1101 191.784 180.0 N 0 578 3
TOP 3 184.8099 189.484 180.0 N 0 579 4
#
# CMP 25
CMP 23 164.592 187.96 0.0 N IC1 ??? ;1=1;ID=338
PRP PART_NAME 'AP7384-33SA-7' 
PRP VALUE 'AP7384-33SA-7' 
TOP 0 163.542 188.9201 0.0 N 0 580 1
TOP 1 163.542 186.9999 0.0 N 0 581 2
TOP 2 165.642 187.96 0.0 N 0 582 3
#
